resources/Input/skyview.asc
NCOLS 299
NROWS 364
XLLCORNER 522069.7702084996
YLLCORNER 317861.99829540186
CELLSIZE 27.53369550341016
NODATA_VALUE -9999
[rows 266 to 284 of 364, columns 86 to 128 of 299]
0.9656288846978569 0.9645245058675481 0.9645076162091843 0.9656095512425982 0.9661093139702384 0.9651535026550668 0.9641696079740121 0.9623169876107518 0.9537717942111859 0.9526285313072483 0.9470794267789276 0.9517166485617353 0.9582599230338509 0.958456192075346 0.956748390790065 0.9590984932017556 0.9622171044606983 0.969401476263636 0.9687435460361636 0.9558079912958675 0.9496223393295781 0.9506171088566548 0.9526590780541525 0.9475097414884068 0.9511264062502552 0.9604576662557923 0.9630310956102143 0.9640349081314857 0.9643104630629489 0.9639183459329467 0.9651567514446824 0.9644073932642493 0.9636197854679468 0.9630538865600626 0.9642278428711859 0.9635106006526991 0.9595470971849108 0.9546813913502348 0.9560210399132304 0.9586040550415084 0.9605851368099212 0.9619492633725484 0.9624978277961661
0.9656121483203357 0.9642827070824732 0.9619615200185982 0.9610494877711635 0.9623377880794001 0.960390432238389 0.95796438758048 0.9565089765895023 0.9526557826224958 0.9514153136827148 0.9538380463479607 0.9582023986851843 0.9629859755468881 0.9650391288623477 0.9632590639092888 0.9614198117491086 0.9666353299334703 0.9694265187054928 0.965072992409379 0.9539912649473425 0.9411198175203052 0.9549895924734653 0.9555995257540264 0.9552164958263316 0.9583087135760101 0.962992303395437 0.964869132031738 0.9650695386161834 0.964774453088094 0.9649454950456107 0.9648146023522515 0.9647532301534744 0.9648648211233891 0.9643272544377105 0.9638706210084739 0.9635185849111867 0.9605240740669121 0.9548127963986173 0.9503046535917257 0.9549559280144324 0.9576999801796036 0.9588231809375091 0.9596125167638813
0.9657388438898857 0.9650816852771468 0.9610752153902448 0.9601977686391444 0.9607928529086249 0.9592889401144681 0.9513577688956051 0.9429772600421207 0.9191319916797954 0.9461331471379182 0.9592220883442673 0.9628633629975971 0.9666544270301374 0.96837437142789 0.9682644853694226 0.9696715915311441 0.9710552693693227 0.9698144458628962 0.9616892725207823 0.9464543928826316 0.9442071237672685 0.956239681465131 0.9531451085523825 0.9570675346949938 0.9594991281420766 0.9624946793245159 0.9639534512708856 0.9644148128569435 0.9641835674006433 0.9631997258031632 0.9608666889341518 0.9633384483139315 0.9628906389869643 0.963065410279547 0.9625598911233028 0.9607492534583244 0.9529001196912543 0.9480986209490118 0.9500902770202644 0.9515740191764058 0.9510528647118107 0.9529130947922961 0.9503863801851283
0.9654530292253005 0.9650575052415171 0.9620756637669906 0.9602956387801385 0.9590871756215307 0.9557820295925654 0.9530760883356012 0.9372518605406959 0.9115627742666028 0.9359949373170242 0.9578280879525233 0.9652143240777455 0.9686441988590685 0.9697474292496073 0.9705317752120112 0.9716300944102496 0.9710214058222914 0.9696372235900526 0.9590634681610626 0.9407247517686849 0.9428739496330801 0.9513157454722495 0.9471269808268723 0.9571672030943559 0.9610417492512556 0.9627716673847228 0.963131583493743 0.9612678356268777 0.9578493237836545 0.9601137798392765 0.9548758845874298 0.9605871473867112 0.9587287761624884 0.9578109331685947 0.9556310114115895 0.9525010072538805 0.938990749807379 0.9233762418660805 0.9371786093170636 0.9456243091368719 0.942632623358254 0.936109237644479 0.9258087624438169
0.9651339687577378 0.965039115580019 0.9627409015796978 0.9610727768025783 0.9593486712703697 0.9564137164219284 0.9526238127991045 0.9367739438716279 0.913419306569702 0.9290503316035296 0.9519233854636262 0.9662085700925963 0.9695030050812277 0.9697306416953625 0.9707176023333132 0.9714779042334983 0.9710215191737518 0.9681579392451458 0.9576791706272069 0.9467717252248693 0.9505248177727043 0.9555081952746938 0.9535995148982701 0.9585726947744603 0.9618974730664863 0.9628664575762075 0.9634114579060808 0.9622192884478249 0.9591537563214534 0.9559467565487687 0.9567843276054835 0.9590842611573374 0.9571098767017111 0.9576563511215741 0.9553392093086706 0.9555418801365797 0.9527960747574488 0.9467880943845088 0.9391617380094254 0.9416737558953278 0.9443541099911946 0.947854990596856 0.9516008180493709
0.9650081581527313 0.9644020607970197 0.9615106996905909 0.9601235926073202 0.9573512959136388 0.9538063783879895 0.947259257087226 0.9433450531934119 0.9279706957980053 0.8996936092247623 0.9537465370347706 0.9691405108564722 0.9689898741662147 0.9688385691057056 0.9702788593960343 0.9707686033075548 0.9691417451934918 0.961717169218364 0.9481127932275077 0.9423733490168308 0.9477268061095268 0.9551395093214848 0.9555038398702373 0.9589903118667203 0.9612957984486741 0.9617572940377095 0.9614108987698556 0.959463571662241 0.9583091436001855 0.9530359236587974 0.9528345285244787 0.9531931586308394 0.9415441081436597 0.9337006603582343 0.9247692481258784 0.9335106261300729 0.9255494357180958 0.9175167111760024 0.899706826032004 0.908351016146773 0.9158740303349505 0.9276655130369252 0.9384857792986256
0.9649323204342679 0.9633918958820429 0.9620665894011072 0.9604152549082997 0.9577816704393398 0.9536623467225324 0.9459763363814047 0.9370797205555496 0.9311893912015472 0.9364943738004626 0.9606232181438598 0.969265250348573 0.9656578768260454 0.9677721987728984 0.9687031566267091 0.9710806515768602 0.9668400483032059 0.9499908349892096 0.9512370216248208 0.945850542814162 0.950582030377635 0.9551846848539767 0.957520143419387 0.9587961051240285 0.9580943616663488 0.9570216794053391 0.9556471470141931 0.9566712773943442 0.9541546916476763 0.953542411869652 0.9487292888405989 0.9465037463067897 0.9333903682128342 0.9217168672630967 0.9184651548388931 0.9247696931134874 0.9178507061198634 0.906806553457436 0.8979293717252966 0.9029914987867111 0.9128407900085767 0.9341077990009836 0.9388189945102557
0.9646117825218872 0.9640161757011266 0.961968110729139 0.9603269822017187 0.9587372848277051 0.9545756862911116 0.94521749650298 0.9179467452215825 0.931337554712852 0.9402473463659776 0.9655253032902926 0.9669236326473287 0.9672859632962468 0.9648718956954544 0.9669708083302049 0.9709961472743172 0.9656925239920975 0.9508737711895157 0.9498836232227452 0.949972456998361 0.9480670069436617 0.9511055285363813 0.956141336608896 0.958220997123052 0.9555594045692347 0.9535699979470494 0.9535807271341822 0.9514641416730979 0.9475961764298584 0.9439540737711873 0.9270426587195161 0.9322900708118442 0.9394882888373391 0.9380001462818505 0.939642794139214 0.9366471922704109 0.9290932893115087 0.9243170330202968 0.9219058265844965 0.9232033050035336 0.914300843190665 0.9289826864676939 0.9402955576906807
0.9648226200714495 0.9644281500288884 0.9601990859760636 0.9591603679208518 0.9576937896320588 0.9540746400679331 0.9446247556444243 0.931359440638782 0.9337322690294618 0.9389774763227471 0.9641084650055675 0.9711650425279431 0.9695860268748615 0.9673044671225343 0.9693345828582974 0.9709031513241769 0.9652753704755399 0.9518195447850846 0.9467368767575105 0.9375595703492587 0.9497115020068138 0.9560152804624418 0.9559185742823377 0.9574646124202477 0.9470012953079971 0.9536020380518988 0.9531635172899582 0.9519971810889145 0.944967353675435 0.9399673296957869 0.8987744816015647 0.9291491612622199 0.9481261032704408 0.946594927424161 0.955389328414956 0.9562418846005921 0.949429448099094 0.9463642070340222 0.940184806594023 0.9483488337275908 0.940619368923612 0.9269834637570119 0.9124554062922579
0.9649055634865936 0.9651989550121345 0.9604025970027172 0.9576884315633859 0.9569722752362949 0.9523870672014928 0.9425326850747415 0.931549085619904 0.9445093594826534 0.9378659167827209 0.9596667552823105 0.9687367520503909 0.969796803953745 0.9702865890851197 0.9694353908870118 0.9691412513583295 0.961187644236959 0.9416760782269253 0.9389590663370754 0.9394618823398184 0.9511321104453053 0.9561059271292963 0.9577785576684623 0.9560446919162155 0.9535293784448358 0.9545475571398804 0.9545900325058694 0.9511766397660354 0.9419634260943125 0.9338737625183016 0.8771655216148075 0.9250108262600253 0.9482492023946667 0.9470776431805142 0.9534912493404257 0.9625383432082371 0.9630873621729781 0.9577869869469611 0.93367142521745 0.9535330580820391 0.9508796840123915 0.9459979188309122 0.937880632454485
0.9650570541303642 0.9649556083541435 0.962714902235992 0.9602594393884394 0.9562088633366173 0.9545351174016017 0.9525370693086584 0.9459491867259519 0.9535046473404079 0.9507370118245974 0.9559580479628723 0.96239968280299 0.9654696794925488 0.9668635683236663 0.9671750319648491 0.964185392980986 0.9534917524803559 0.9356951874569115 0.9415329686232393 0.944740488444621 0.9518942546869351 0.9570188543128131 0.9534606791169304 0.9549879645494115 0.9527386054251201 0.9526252094554093 0.9518901310486356 0.9484281849125696 0.9390943663465817 0.9318452227712576 0.8758119029995204 0.9258816920130957 0.9484830465042824 0.9489529119273646 0.958777791929943 0.9658043632723189 0.969074594813355 0.9661633366364565 0.9582497239640524 0.9611350023675721 0.96007179296695 0.9584255820238521 0.9503761796409106
0.9649719347892303 0.9651565492424444 0.9639171393581878 0.9620194349930961 0.954058872278349 0.9523527566898341 0.9520555029260365 0.9546737950799197 0.9612881826185136 0.9599568515908045 0.9527000170070735 0.9598902358431392 0.9637847076966217 0.968340825876862 0.9678283604134438 0.9612553678809913 0.9505613964154329 0.9306714348322747 0.943006082830394 0.9522618734831834 0.9555037205880621 0.9563099983980563 0.9564562940596865 0.954042716074352 0.9534884781131098 0.9536349463070929 0.9521133267436599 0.9492654338289851 0.9454749340634414 0.9353158066822578 0.9032695841480124 0.9334881322985065 0.9516911194121305 0.9535977460543191 0.9593008450929874 0.965634299523786 0.9695122373310613 0.9682922624024114 0.9618910672269289 0.964468264946482 0.9653987045155656 0.96457619548772 0.9585688766430661
0.9650717069784737 0.9648129689750375 0.9648208948064655 0.9614003922920842 0.9607838784399995 0.9562494607326499 0.9593241015313309 0.9635721892129063 0.9655456265528638 0.9618898349356774 0.9621088842333125 0.9661268990166665 0.9693830107607306 0.970210586688057 0.9684476377176571 0.9632461281956425 0.9496297890159703 0.930704230841326 0.9530775762863413 0.9555330490876617 0.9576848513463075 0.9585414271172332 0.9571260667815108 0.9564439551942058 0.9558491677277813 0.954372347594367 0.9523049680340454 0.9517913669760869 0.9499311423255843 0.9432413042373115 0.9140957721061257 0.9368237014266986 0.957885117099013 0.9542338264029957 0.9558109110668336 0.9616398226043872 0.9677468803437151 0.9692766436727328 0.9652671082801642 0.9620816532635015 0.9652249015102543 0.966800731482853 0.9637433150316909
0.9653489879242507 0.9651732136389589 0.9648633113353218 0.9602780022880231 0.9582223121330053 0.9539898024777013 0.9620686409827981 0.9664468290416669 0.9665838749896315 0.9628969224783537 0.9631768238521333 0.9667750108124181 0.9704806606353317 0.9706919213916895 0.9678586692347796 0.9604839060585527 0.9432763163866646 0.926747182952723 0.949845018804055 0.9555690788460922 0.9584511371321238 0.9592022696017657 0.957863831683644 0.9570536841348626 0.9557648587920424 0.9549081023240799 0.9535005984619898 0.951327107448772 0.9483759332498418 0.9430667945552358 0.9059521913984898 0.9344076297256334 0.9566107095079548 0.9576003390855187 0.9576164555974237 0.9642522356663275 0.9689062549799138 0.9713004967160686 0.9702275185055135 0.9700853230889163 0.970085323088916 0.9694021867444096 0.9657794207185741
0.9655839650407495 0.9652396053571668 0.9637197573518649 0.9635489737118106 0.9562771629275731 0.9605644679445889 0.9646382655022799 0.9664965771165074 0.966867100929914 0.9626403978343481 0.9648077166152059 0.9686010925033061 0.9686685621835159 0.9664933133447281 0.9633693677029225 0.9595131459927939 0.9460124352078186 0.9410221908026656 0.955208699876953 0.9586933880677309 0.9602905492946527 0.9596125891486705 0.9575810457281889 0.9564770699924596 0.9549092979336546 0.9509586930684797 0.9483550884334273 0.9472296864857365 0.944093889163532 0.9361328077829819 0.8955407987560783 0.9375085050901659 0.9560841665947122 0.9568139432912867 0.9579089490923527 0.9645868784257907 0.9690576424801322 0.9712159408981266 0.9695290029273684 0.9704650880563 0.9704564214722203 0.9676882455714655 0.9648479375172877
0.9653898527719661 0.9655581721898359 0.9643473256659154 0.9655268551950901 0.9612652135722336 0.9600182044202159 0.9608281508279828 0.962027870342572 0.9636428570339685 0.9552428049994396 0.9639662026839673 0.9675856979706733 0.9626237557510492 0.9589794387928285 0.9503456316428827 0.9482620487211227 0.9443434585861492 0.940765888468453 0.956890878840852 0.9600136904762017 0.9598875126243338 0.9587388411273056 0.9580561375685008 0.9570168778990957 0.9539675844392939 0.9492944336846063 0.9401036140186729 0.9410688233572773 0.9441192455195436 0.9401009838269723 0.9291048376508984 0.94675187687106 0.9542599894942974 0.9546002735483161 0.9573626333439446 0.9621935798837216 0.9649400338893627 0.9668367033217895 0.9705827662295671 0.9711737402622539 0.9707853396852597 0.9680903370017785 0.9644918661216596
0.9655584696825705 0.965373578152193 0.9655005397021639 0.9651649257348781 0.9644718144983809 0.9615048717153543 0.9577503650843211 0.9540676361917285 0.9536286810514274 0.9464424608677527 0.9638542725289156 0.967036374851041 0.9649911196378368 0.9607417026423591 0.9556894022090076 0.9512439313857805 0.9550461657968368 0.9513737277477843 0.9590267805121905 0.9607440717412437 0.9593045013493892 0.9584102313134183 0.9572001112216553 0.9552669283680362 0.9548894080004944 0.9444878347078652 0.9331495140427342 0.933883184435546 0.9389845417808047 0.9395663193849668 0.9369227691097657 0.9410227200576458 0.9391329099923332 0.9465059552185331 0.9578290863187143 0.957262518496776 0.955850238331422 0.9574387237197298 0.9666807655828464 0.971368058943272 0.9704730958758238 0.9652204896285757 0.9561710389714917
0.9657600256094623 0.9657691336482901 0.965743473912526 0.9653337070230674 0.9634867351994173 0.9617590426617373 0.9593652803815005 0.9448261461896527 0.9535945755567252 0.9517492744030136 0.9602903148369495 0.9621416214370021 0.9609554503181916 0.9606421665784528 0.9641340920977465 0.9625015509289723 0.9562336648985305 0.960358636779901 0.9613753148828478 0.9621043287868715 0.9608038504679841 0.9580877988511566 0.9565283498044846 0.9523102880398497 0.9468159824237956 0.9237112183296154 0.913853732302519 0.9211299846239445 0.9331027742267213 0.936096771741291 0.9293088551959732 0.9190556331482709 0.9430172827932437 0.9570830970201459 0.9647980547680508 0.9618610898401715 0.9570625425021014 0.944516587180612 0.9625910815630234 0.9712162498900963 0.9627252536826247 0.9578338052108041 0.9589282158026518
0.9653242811885053 0.9655073145886276 0.9651040383572593 0.9654737697400072 0.9647675121085264 0.9637357102058028 0.9622216738884705 0.9571387248128385 0.9488483163379408 0.9514692343886976 0.9579568265963008 0.9572378224744524 0.9495020503082694 0.9514101981701344 0.9556734596590492 0.9651783139982943 0.9615202170332509 0.9603497179038541 0.9629388447647033 0.9614234515586751 0.9592614447600989 0.9578539743870274 0.9558425880314334 0.9516700157882583 0.9283299461224324 0.9117228670163394 0.8967151427163172 0.9300945601997824 0.9450015599104635 0.9393968491565354 0.9222021756477712 0.9306594049746402 0.948747429855009 0.9641299628648559 0.9627140523996542 0.9582209362055256 0.9538019890391287 0.9261588642159169 0.9601961642123501 0.9702118736944969 0.9672105736078426 0.9618615121952605 0.9567571805028684
