resources/Input/skyview.asc
NCOLS 299
NROWS 364
XLLCORNER 522069.7702084996
YLLCORNER 317861.99829540186
CELLSIZE 27.53369550341016
NODATA_VALUE -9999
[rows 171 to 189 of 364, columns 43 to 85 of 299]
0.9504238895852508 0.9488045614075911 0.9489713906758412 0.9453622963783433 0.932818799437554 0.9117214869546082 0.8584556935333374 0.8995581051048167 0.9596276747881063 0.9708950511082585 0.9717146811525019 0.9717823361149589 0.9718330799138276 0.9713342366160954 0.9713258789236066 0.9707515482698342 0.9681293917891056 0.9595892314412411 0.9630472943408191 0.9657576008467079 0.9676542537167175 0.9697566927122062 0.9693691457877105 0.9675337502097614 0.9672733186537402 0.966344381754861 0.9637143841011578 0.9603604989077523 0.9624871781974296 0.9683279068385453 0.9700940093859759 0.9702200970681455 0.969798800349472 0.9696136317419315 0.9688225103412553 0.966255724246503 0.9689320469281507 0.9692767771385664 0.9691498563071669 0.9695117844147388 0.9698230097926979 0.9701944679933384 0.9657092912505505
0.939103581027724 0.9386181765678585 0.9409767512563777 0.9441905175604386 0.9331780717508256 0.9106760868989082 0.8653069863475036 0.8984495934783434 0.9620128445171088 0.9672877775762505 0.9684018194549148 0.9695790900183784 0.9703635594395271 0.970734729803838 0.970160646067555 0.9711313232441231 0.971486385572992 0.9701017504244313 0.9702034129586512 0.9705150494812691 0.9705658447578756 0.9704228359050284 0.9711400827140556 0.971469505321155 0.9713088853203089 0.9707853396852596 0.968658631140954 0.9679768210784325 0.9698996606462132 0.9683261463648306 0.9690590903156188 0.970549303970521 0.9702618659433359 0.9701185996139183 0.9695120515972008 0.9693779029630154 0.9700598890649649 0.9701688904964647 0.969688492436849 0.9702197579046768 0.9702700178754722 0.9688960752265185 0.9663594461649299
0.9318510085694364 0.9429804065772115 0.9488739111167022 0.9461296123351307 0.9359984895334255 0.9129634247992423 0.8621839043651087 0.8886824440811478 0.9425111882274918 0.9548797580667523 0.9632735324282339 0.9668950862185182 0.9694287308563472 0.9695537072588485 0.968929291319969 0.969671015156077 0.9697221809595166 0.9712159924135254 0.9716385860578467 0.9714357448174805 0.9709543380324627 0.9700092073906132 0.9702705015529469 0.9702443676950008 0.9706325417698936 0.9717738650710096 0.9717738650710096 0.9716977493727067 0.9700180388038911 0.9649466227486568 0.9683743393506594 0.9698560186836251 0.9707595557881599 0.9703290265186385 0.970718014029781 0.9704983131035642 0.9694515922096997 0.9689891641747151 0.9685518503625089 0.9686202144137892 0.9691398013165858 0.9694517672967813 0.9668691730143438
0.9446009416101748 0.9517497005534193 0.9525200885143774 0.9509009229562178 0.9412975930737095 0.920467742118519 0.8677007715790607 0.9032628990133502 0.9336587230873389 0.9461224358587338 0.9638935889901631 0.9662709136982495 0.968523094967361 0.9675938665732097 0.968305287228156 0.9657075022366562 0.9687527482272528 0.971182128866494 0.9713088853203088 0.9699577841733209 0.9707258982399614 0.9693845339751631 0.9691229716894801 0.9705991417861468 0.9710805382254002 0.9708861577208796 0.9707170460724364 0.9716300944102496 0.9673356867847691 0.9490485865807552 0.9599726784393757 0.9674626827801144 0.9680280258449439 0.9697714938778131 0.9698226080529159 0.970438851242878 0.9647058167174137 0.9676146442480181 0.9643869843556642 0.9652785073016271 0.9673215329576328 0.9683396534135645 0.967017576462994
0.9482000375128342 0.9514131471812312 0.9543299326844927 0.9533106823588406 0.9423362255755244 0.9281918220847704 0.8837991318791966 0.9190914710117832 0.9547957052057736 0.9581802599478412 0.9625892610409116 0.9670011410719441 0.9699835575113391 0.9649308065814257 0.967891556310074 0.9635585003703534 0.9684760135467221 0.9711905174707341 0.9712500103937707 0.9710637610169199 0.9706412909819425 0.9701432716795414 0.9703290575809889 0.9711313850676258 0.9694171212252514 0.968066380598191 0.9701848027909573 0.971410269874689 0.9670684365677493 0.9524786534117224 0.9587630586490443 0.9656370610549138 0.9675036587223239 0.9691467795435228 0.9697796969864894 0.9706412394163232 0.9693066686482072 0.9678303243174656 0.9654981548717929 0.9643428537074409 0.9678913798808949 0.9678093125888683 0.9639095708781268
0.9340646257975682 0.9416993581354156 0.946780155491876 0.9499247961815 0.9463038362439853 0.936705432661561 0.8913896661597958 0.9235577853939637 0.9432357467620683 0.9427141840531894 0.946671290578866 0.9489840945324889 0.9594558724238237 0.9672814815461672 0.9690217938363402 0.9658590467656386 0.9668069694221348 0.9696051096718576 0.9696413366433148 0.9685298667561383 0.9691738805683414 0.9687557803606055 0.9684030081616432 0.9706162280368167 0.9679926318224481 0.967251964628628 0.9696793726979671 0.9716300944102497 0.9673794175845496 0.954836005905338 0.9609669795240366 0.9673612761173811 0.9685897718000263 0.9694924030719168 0.9698132825536813 0.9705481919884451 0.9690618018213888 0.9673498541262441 0.9659440527281743 0.9665333510193137 0.9689184635109642 0.9688102028321163 0.9678180920727949
0.8980450224437679 0.9304096638450429 0.9423843960440633 0.94401183876672 0.9501487740653612 0.9442382316024271 0.9271042742310807 0.9335697582840718 0.9410319819668566 0.9453665724242046 0.9415481757241895 0.9314135999792608 0.9350058013573072 0.9469323338846369 0.9551834526843704 0.959647331527351 0.9617558401870937 0.9689740537163078 0.9716470055738381 0.9700258407249609 0.969333636357791 0.9696129431067075 0.9685464191554818 0.9695875090827565 0.968609564287324 0.9659332835805394 0.9677069386358929 0.9692947544517152 0.9645505868283007 0.9533109925470745 0.9623567398210385 0.9647874743192668 0.9659215876508915 0.9669263743894879 0.9689287146437044 0.9700334053338702 0.9683129652889045 0.9657721022548165 0.9595771452323653 0.9633887212434213 0.9613802919679384 0.9631464882529563 0.9559222827126963
0.9269201224375637 0.9357856090331009 0.9433811586274116 0.9468884569511161 0.9470365500637958 0.9487807858060682 0.9410442355702721 0.9339830829744048 0.9363732023659173 0.9424762142007226 0.9425566647745109 0.9300392375925943 0.9217579111733976 0.916467884030851 0.9245554676402933 0.9415508441609468 0.9499303165984935 0.9602309918136721 0.9695635263424511 0.971782336114959 0.9719260964676154 0.9713089574519148 0.9696915351292833 0.9714780484464899 0.9709200212679111 0.9712497529172002 0.9706840993062099 0.9681088617829483 0.9577261404515127 0.945556655900889 0.9594605794233468 0.9607476495830934 0.9652042618202659 0.9681213514527468 0.9697217793703337 0.9704133043190799 0.9687339848807452 0.9665902321818878 0.9645751996558181 0.9604205822257654 0.9623629065813346 0.9550564560935559 0.9536536643326674
0.9607359094730411 0.9567272711327385 0.9573376315186203 0.9532626830051075 0.946288049334199 0.952307142159198 0.9477875187872967 0.9438284804775012 0.934867783214597 0.9404393224054552 0.9436059354324675 0.938165725187632 0.9365618667045925 0.9257298337067337 0.9250389187711534 0.9286102944931481 0.9351849898822191 0.9522642495888158 0.9657401343709177 0.9694203113403558 0.9694180478623624 0.9705071755791922 0.9698585299321144 0.9705914740335015 0.9702791785957288 0.9678498255347002 0.9634997983725254 0.9562755408372726 0.9472371030165694 0.9480727103607189 0.9615121068475584 0.9604185696144523 0.9658521715245072 0.9691575040081565 0.9709538539031909 0.9716808382091182 0.9715962617749694 0.970920021267911 0.9698569759940072 0.9685426597835932 0.9660870173286435 0.9654767696089689 0.9668671681034879
0.9648388217260138 0.9630230940011846 0.9612923223750739 0.9591452487639863 0.948219444629348 0.950256554358201 0.9523404401209992 0.9494686654583682 0.9473830923760062 0.9465399744577576 0.9448110435197886 0.9484294168052748 0.9461346856737778 0.9386405200091201 0.9363724286137105 0.934718503780231 0.9331483827165268 0.9481847172738023 0.9646604469666837 0.9678327827992735 0.9650140381433611 0.9700525699188767 0.9681000795935581 0.9675259163238483 0.9659052416316839 0.9586206599902984 0.9550825505557686 0.9599813365825308 0.9512518890009609 0.9548065942779804 0.9615709359361957 0.9649148775242541 0.966062641403115 0.9686443632366535 0.9702449033020094 0.9703293559762157 0.971021508865648 0.971647005573838 0.9715201460766665 0.9711228625082774 0.9707172005935315 0.9705987812662191 0.9699339346980301
0.9588613986472078 0.9566854859682031 0.9603747217501283 0.9617830495556562 0.9598353553940434 0.95539894170019 0.9521217346321856 0.9502180307731551 0.9514322668119322 0.9490054273833864 0.9476286529978867 0.9482562874734449 0.9455906929323387 0.9362744399647351 0.9198879612835377 0.9378937007212192 0.9389695825790642 0.945938157222955 0.9634554343720181 0.9703132479909938 0.9682065284261889 0.9710555887196157 0.9667460015626841 0.9647972328363037 0.9576166963243983 0.9644683158826338 0.9656480895351186 0.9651264460529067 0.9618725583239118 0.9645984882200379 0.9656033915949944 0.9672343658448795 0.967448356881822 0.967559621290032 0.969519463177895 0.9701517117615188 0.9703205348710412 0.9715117574724262 0.9699744584263253 0.9707598132647304 0.9710468498533315 0.9705654018484589 0.9701178173906176
0.9488286530269806 0.9501515860720428 0.9493587634059227 0.9536071173313899 0.9607937764793313 0.9604257098890563 0.9574741093606186 0.9511062981610016 0.9537702277193206 0.950822898245818 0.9477022254995036 0.9459800707921696 0.9467403309609843 0.9405433274302614 0.9228359651105645 0.9330346114520817 0.9377074140985533 0.9450644238187125 0.9576913890239097 0.9681254949666969 0.9660311051235295 0.966227875611983 0.9650232862167447 0.9594866500549148 0.9666655774316735 0.9673102000808557 0.9671678889556365 0.9636597433097628 0.9577738451256924 0.9658253555838165 0.9666777071595531 0.967797612818344 0.9679664775491142 0.9691138112702381 0.9683138400593824 0.967853158945205 0.9706416514139885 0.9712919020251146 0.9708946493684768 0.96953672366264 0.9695441558095046 0.9690976310028113 0.966784066020868
0.9479990587751506 0.9515935340172216 0.9543276021117711 0.9551477018099842 0.9588329005149124 0.9588598272979455 0.9565319314735227 0.9549823124450292 0.9553609103983626 0.9533232498389312 0.9488759176959859 0.94700320810613 0.9451651461484502 0.9390833675766489 0.8954017302039389 0.9300019697930882 0.943766737417724 0.934477962096859 0.950412282703511 0.9676777458300729 0.9692957913444613 0.9674153648564076 0.9672231367775631 0.964905169152604 0.9648524393393942 0.9652833249190536 0.9644380927855489 0.9588788935866358 0.9574497553040636 0.9651980183695845 0.966298333886651 0.9671486384160966 0.9691463061239317 0.9697205440801117 0.9677840632456858 0.9645657170941917 0.9697984510283154 0.9717738650710095 0.9707851027746759 0.9656555280626166 0.9691137909175681 0.968321169100172 0.969729035727709
0.9560869717565696 0.9357786203354811 0.9494952491713538 0.9536675059904167 0.9552455293268005 0.9534746776967861 0.9515698299573813 0.9529424171514024 0.9556274374797985 0.953152735592825 0.9485022695701646 0.943850283828808 0.9423497038388234 0.9350186129337267 0.914992556962975 0.9367166783981955 0.9554427077814216 0.953658838137545 0.9574312533090997 0.9670538743014173 0.9712333772100218 0.9671553620497537 0.9687118411080571 0.9652699317210207 0.9642830261483428 0.961774873970195 0.9618667996191329 0.965116994007353 0.9630143540729083 0.9662403117099353 0.967670938904434 0.9684468144249174 0.9698220211187676 0.9699147905668062 0.9689197700797851 0.9642914691241379 0.9693769890790505 0.9714863855729919 0.9710722217527658 0.968853916775711 0.967549611026516 0.9689952791936776 0.9702863110425627
0.9382811762956895 0.9496103335270006 0.9515277308479778 0.9535554859142406 0.9541342277436197 0.9530152469700822 0.9513629714610844 0.950962694471231 0.9533498433205316 0.950799460587419 0.9449970194531914 0.9376052964600252 0.934565209747638 0.9219276407835517 0.8667711543421333 0.9279424375037719 0.9415619479513605 0.941445364872528 0.9573633794375911 0.9679945344794995 0.9715033070446839 0.9684608900721824 0.9695362201215866 0.966894304095413 0.9663461877451328 0.9664788871895416 0.9658976979071766 0.9660475556825413 0.9601538397734757 0.9617019274609991 0.9634833301473431 0.9655034637818944 0.9691479005290824 0.9685726650460875 0.9679916949274535 0.9647348031794889 0.9699162114404729 0.9712073977225715 0.9715201460766665 0.9694516951651755 0.9695949509355121 0.9692822025814172 0.9697795735277449
0.9204962719138478 0.9334399035986424 0.9415176836538923 0.9434938480045731 0.9452474828134354 0.9435478657551984 0.9416065901293043 0.9438923332885937 0.9484704968870394 0.9442711494725942 0.9368079107140334 0.9300306353835149 0.923891343422893 0.9202277179536241 0.9072797343668081 0.9353212127287834 0.9536963191543282 0.9614372745140025 0.9677318406493592 0.970244625171571 0.970777094955152 0.9698153721989929 0.9682499793393887 0.9667367009243069 0.9639019690799169 0.9633864598847048 0.9614995500012429 0.9629005043595309 0.9567027061617732 0.9632802918987075 0.9675999232271266 0.9675824974621207 0.969368321704682 0.96999167799223 0.9704300505530912 0.9670700933827836 0.9698736813093618 0.9712581415214401 0.9716977493727066 0.9695193192158814 0.9692661047034794 0.9690714462191194 0.9695685908139445
0.9133106364854437 0.92520959831813 0.9310717988526548 0.9326168983529602 0.9352220793628789 0.932885856732172 0.9337949801852506 0.9306035561838328 0.9427425412711314 0.9396569986965431 0.9369383440595452 0.9219112827808504 0.9235680252836685 0.9269447189449568 0.9308577380844008 0.9493184548995192 0.9603397267001378 0.9665132949961976 0.9690131469652404 0.9692827380378273 0.9696026291468595 0.9703629726057581 0.962116457791717 0.9652093474839238 0.9652449151699445 0.9587234066338801 0.9591352676297191 0.9553376046901882 0.9472875125398625 0.9602751045859329 0.9651868861667546 0.9676878979126741 0.9659509103808496 0.9690831664052151 0.9696131352484099 0.9681016431104379 0.9693414895056208 0.9709453931673451 0.9717484931715753 0.9694182330567284 0.9676247914349084 0.9659917622621932 0.9654611347041122
0.8718508533560531 0.9052612882830944 0.9017987394563877 0.9091432660868037 0.9104643357720096 0.9136705911642091 0.9036806873751467 0.9069179904160839 0.9271180130197358 0.9336887343601012 0.9342922333752107 0.9311526600130706 0.9374846717911275 0.944033784663577 0.944991502968945 0.9583719470628531 0.9653064976378224 0.967316064640174 0.9688969283777341 0.9693680445151313 0.9707512701393956 0.9698402193515138 0.9659169553400998 0.9672945471401532 0.9639580407352913 0.9618437977419065 0.9581588190679164 0.9542271023699381 0.9323582206382858 0.9528167388718812 0.9587333155135104 0.9656691975603964 0.9664250807104661 0.9670583737822114 0.9678160076032323 0.9665011848330919 0.968499995434571 0.9707678929146617 0.9716977493727067 0.969409443013904 0.9679201764611703 0.9644120375097655 0.9644242326493129
0.9016244440977724 0.8770387910092893 0.8673439345455003 0.857775262125343 0.8751544685816849 0.8759106827060399 0.8812447067288038 0.8951127605740425 0.9280467984023767 0.9459778175305432 0.9531135447323376 0.9578544402869544 0.9601911294868336 0.9623888122605726 0.9611460310412375 0.9672102956280028 0.9704897290595726 0.970515100959007 0.9697388452056156 0.9704052762347675 0.9708188941901015 0.969764134564962 0.9677080611496377 0.9691645141502664 0.9647252259659684 0.9605259614227415 0.9526190602364843 0.9510964922144449 0.9303310652920684 0.9507386086496387 0.966698991468422 0.9703887974215144 0.9705912166573099 0.9688908127572934 0.9695882898515721 0.967839278737875 0.9702531168191683 0.9712666331690372 0.9717992369704439 0.9702022495615551 0.9665334986643799 0.9663564237204616 0.9637676153495754
