resources/Input/skyview.asc
NCOLS 299
NROWS 364
XLLCORNER 522069.7702084996
YLLCORNER 317861.99829540186
CELLSIZE 27.53369550341016
NODATA_VALUE -9999
[rows 190 to 208 of 364, columns 215 to 257 of 299]
0.9700002113489558 0.9666849497890554 0.9566453789430932 0.9549578974226818 0.9614024497919296 0.9680893902502937 0.9695465616951362 0.968820566664618 0.9676997461314881 0.9694601353350346 0.9700090839318682 0.9707682534345893 0.970186254726974 0.9707936253340236 0.9718753526687468 0.9694349694344333 0.967003647434636 0.9682188589122864 0.9713679146800608 0.9694364918585769 0.9560635948864629 0.9460495146901945 0.9610172133212936 0.960173624972218 0.9595255752365777 0.9627831543918376 0.9622245564558342 0.9547917424135044 0.9623236026798977 0.9681986189986904 0.970903521951389 0.9656084310700646 0.95837450040389 0.9602952333529033 0.9522138051584139 0.9625064662732808 0.9706247711621512 0.9711820258231371 0.9714778939253949 0.9716554972214352 0.9714948772205891 0.9710806412687568 0.9713511374715805
0.9676515817002488 0.9600301455745254 0.959163029856308 0.9503786911097684 0.9561898807817526 0.9662777346153131 0.9682138338547444 0.9655147025849591 0.9680720365788654 0.9705065578336716 0.9702953485550516 0.9696626780295746 0.9700847156514988 0.9695114964278102 0.9714272222581322 0.970667177834518 0.9690646118037808 0.9704980661860749 0.9713681207667746 0.9692681520251357 0.9581883065521205 0.9548724123032787 0.9647945755690113 0.9651065075328871 0.9645892139512839 0.963107228321362 0.9616713326046393 0.9634642256590349 0.964701700688293 0.9680651800549903 0.9711313850676253 0.968861913885738 0.966883302553616 0.963842870428853 0.9514150913714813 0.9640576625706103 0.9688624493421484 0.9702021980838168 0.9705905986608113 0.9711230479411231 0.9703047460352935 0.9713681207667746 0.9711482653194631
0.9659514327993305 0.9668176819999945 0.9648089845937443 0.9600821173212043 0.9593365084822014 0.9650972174158138 0.9659938856739455 0.9684096533408276 0.9695614684116771 0.9699153570855663 0.9699578872166774 0.967668142603443 0.9670211311775944 0.966064544802344 0.9704727664182461 0.9713258686155032 0.9708779236377345 0.9702116266264088 0.9699932731878529 0.9684394755276374 0.9598116844479738 0.9406167059632171 0.9622026843569005 0.9685649353570023 0.9685564437094053 0.9678156761802575 0.9678905375775828 0.9665062194591908 0.9674587536916648 0.968232328024627 0.971021508865648 0.9710889268296402 0.9689275520368967 0.9666336669685486 0.9606383388381112 0.9570854781931943 0.969055327925794 0.9693926756619137 0.9684587694168794 0.9695880330775926 0.9691097007992526 0.9710472103732589 0.9707598132647307
0.9651809260331744 0.9681955244778344 0.9677563286242336 0.966804969110373 0.9668590017670873 0.9681816152881084 0.9666991183244011 0.9674012861219881 0.9696799597199962 0.9705824675331418 0.9695530593041681 0.9676151291293668 0.9679806743998075 0.9662240568321133 0.9705743054937211 0.9714272531698833 0.9714695053211548 0.9711906205140916 0.9693263490259464 0.9683839526862237 0.9623494267248793 0.9515134770658247 0.9649704340462135 0.9682200927976926 0.9695095613035936 0.9700920129275311 0.9689785533123366 0.9668430234874944 0.9683486602143883 0.9684084293119113 0.9706833886121187 0.9713003936727116 0.9703198964591554 0.9685568035267418 0.9676326259727033 0.9657187926033542 0.9646888458262398 0.9673830367266665 0.9670490507320758 0.9689396864776241 0.9707010207779015 0.9708781708564218 0.9708104746741103
0.9636559145130799 0.9681045546436737 0.969198388256379 0.9690300794851044 0.9686768490239623 0.9680882400077371 0.9652504148324794 0.9616598347993545 0.9669260006728342 0.9681081071140533 0.9692504901018065 0.9691232912905675 0.9639563212324832 0.9649289911365162 0.9703883135934408 0.9719345572034613 0.9719260964676154 0.9711990091183316 0.9706756385703639 0.9686866676559515 0.964931739883866 0.9575420429568827 0.9624773417808111 0.9655945378747445 0.9675097841497687 0.9686737512052408 0.9678070921360824 0.9660376173625576 0.9678372339487025 0.9688546876880367 0.9710468807650822 0.9709200212679108 0.9708270253177707 0.9708101450659333 0.970810351064766 0.969697333806996 0.9696887808251711 0.9699413879001559 0.9699672023074299 0.9701107052964537 0.971968400146845 0.9713512199112897 0.9703039530144314
0.9674840651595474 0.9694523231058615 0.9698570790373642 0.9690559452197011 0.9681804234243038 0.9682400389034085 0.9642462449833209 0.9650073022308419 0.9628929709369634 0.9679060308004649 0.9699250325456477 0.9701437245958632 0.9688730379837868 0.9691066480997298 0.9713257655721459 0.971334257219743 0.9717738650710095 0.9719260964676154 0.9716977596808101 0.9705743054937216 0.9678301930820018 0.962370380379661 0.9578628297684061 0.9611044082016231 0.9621381701600075 0.9646123977138246 0.968767796950039 0.9666114538801533 0.96832553983009 0.9698575319536865 0.9711652486146568 0.9711228934200284 0.9709285129155079 0.9697377023117886 0.9702702750508451 0.9656019395286386 0.9704813404553322 0.9708949584106661 0.9679539156467806 0.9705489335942867 0.9715709620071408 0.9709289249131736 0.971723121272141
0.9678200467977877 0.9683742993344956 0.9682713311341312 0.9671715841385131 0.968678380402103 0.9641236242318392 0.9567215264020824 0.9665806236188474 0.9690064769274868 0.968736855495141 0.9697979981119933 0.9707348018852237 0.9708191206922027 0.971351209603186 0.9718584415051584 0.9703120432234443 0.9713848979752547 0.9712242779744087 0.9719260964676154 0.9714779660570009 0.9697815398647271 0.9655175289753137 0.9618932991417031 0.9605458235255042 0.9580730246998233 0.9646268401683408 0.9680693231934104 0.9673627050421854 0.9695023049462183 0.9707766420388295 0.9716216336744038 0.9715032658248293 0.9711228934200284 0.9700246978311339 0.9690736570156842 0.9665844337566187 0.9698318411557559 0.9706586861869207 0.9696033911053712 0.9705822819496969 0.9716047534225665 0.9716470055738381 0.9710551663259659
0.96778514500537 0.9656033756006978 0.9658375321819861 0.9673563626566559 0.9664142732143507 0.9648089749637442 0.9637337908905105 0.9679394519900718 0.9682132689412516 0.9683504480540356 0.970540472858441 0.9704819168303991 0.9712835855524801 0.9710638846262631 0.971190877990662 0.9707268351349557 0.9694433573360821 0.9717062410203037 0.9716893607684665 0.9716216336744038 0.9704643571601385 0.9670365838572677 0.9660509279829685 0.9597172403767685 0.9614377738149548 0.9626533794676482 0.9664001778804889 0.9665408848930166 0.9670346919593826 0.9702276934419959 0.9707596587436355 0.9708359289630333 0.971258110609689 0.9701768261843828 0.9693353942378498 0.9688657679095212 0.96940218674441 0.970118723373861 0.9711314262874801 0.9715708898755352 0.9709367984763914 0.9713087822769519 0.971477893925395
0.9686867184312816 0.9682160952263704 0.9687961007980967 0.9690991948977874 0.9682173385679129 0.9687121418084539 0.9678130357530011 0.9687115457202236 0.9704726428089024 0.9698652207241149 0.9707685109111601 0.97105562988925 0.9707597617869923 0.970329891432626 0.971046952896688 0.97166392704553 0.9712751248166346 0.9715456210194579 0.9716977493727067 0.971232769622006 0.9706247711621517 0.9677599160775756 0.9694258188716812 0.9691981822575467 0.96888844839198 0.9698742887467791 0.9702951940339574 0.970506351834839 0.9710554238904173 0.9711990091183313 0.9699244765859685 0.9710976245639509 0.9713848670635037 0.9686576533273029 0.9697568660436049 0.9657927783060901 0.9701443423413836 0.9717146811525019 0.9719345675115647 0.9713426458239834 0.9712665301256805 0.9706579136693276 0.9709456506439159
0.9671753027918302 0.9675424480562761 0.9691245667972217 0.9686454636065561 0.9676610308584969 0.9683437961763534 0.9639353379485857 0.9648529740944841 0.9682824127082555 0.9691142648891513 0.9711061676892859 0.971005164070221 0.9705413370698375 0.9693371612746803 0.9701019255115128 0.9714779969687519 0.9708105055858613 0.9710725101410876 0.9716977493727067 0.9709537817715855 0.9709116326636711 0.9651473107564559 0.9675223890507134 0.9681093121678864 0.97055673511378 0.9712327696220059 0.9700084454321015 0.9692158032620353 0.9705493348822722 0.9694854352534624 0.9689037963631834 0.9699928308304283 0.9706336331859826 0.966041732693335 0.9677675853351092 0.9694279388767517 0.9711483683628195 0.9715625012712948 0.9714948772205891 0.9716300944102497 0.9711481622761061 0.9703285940177041 0.9701356345374492
0.9637059954969173 0.967097782079863 0.9678614873181622 0.9677276681415545 0.9678957308978327 0.967293308922184 0.9562714792326666 0.9662224175618271 0.9704811859342375 0.9713426458239832 0.9712160953690013 0.970996672422624 0.9703639193572423 0.9689674321472483 0.9711568290986654 0.971959939410999 0.9713089574519148 0.9707352237391957 0.9714779660570009 0.9697466983534458 0.9705741818843778 0.9657078424052893 0.9668985510023347 0.9693681679738759 0.9700841596918199 0.9707678929146619 0.9713003936727117 0.9706331804202595 0.9707768892575172 0.9707175096357209 0.9707006293838836 0.9703299635642318 0.9711483374510684 0.96968793647717 0.9679331701123607 0.9703468747278201 0.9713258377037517 0.9715539787119467 0.9715032349130782 0.9714271192147753 0.9711144017724316 0.9702274154621566 0.969267246894899
0.9614208266796943 0.9631548242628485 0.9654859538522662 0.9636035327347134 0.9639389839764204 0.9570430561579976 0.9516897579485541 0.9655206312373997 0.9716301253220008 0.9715878731707291 0.9711230994188611 0.9709459286237553 0.9701867896313919 0.9699588651809277 0.9708614244718111 0.9711822009981 0.9709288734354358 0.9710134292157168 0.9713342263079919 0.9715709310953897 0.9706248843630129 0.9699250325456475 0.9684506308881213 0.9690486561950752 0.9665687481623274 0.9672008104373614 0.9704390572417108 0.9706418470043391 0.9714610239816611 0.9714609827618067 0.971427222258132 0.9702876392813544 0.9713850010186116 0.9719007348762845 0.9714018503586979 0.9714186584789293 0.9703800997750843 0.9708272313166035 0.9696285365027039 0.9701179921765012 0.9705399578174185 0.9710132232168837 0.9669925958446395
0.9580017569322462 0.9649045952936748 0.9668949515489934 0.9657054497788583 0.9639503013621855 0.9608512023314955 0.9484993202884057 0.9636586463515625 0.9711567569670597 0.970404658238269 0.9695436307615765 0.9697722762517126 0.9693533847160799 0.9702716943194274 0.9705071343593376 0.970295770559623 0.9710217354304678 0.9713426149122323 0.971181994911386 0.9713427179555889 0.9714188336538918 0.9717146708443986 0.9711314571992317 0.9708021684593591 0.9704641511613057 0.9703371887086581 0.9698914977537861 0.9702960485394625 0.9714864267928467 0.970861043298016 0.9702354951120882 0.9706417748727333 0.9709206082020589 0.9710217867576066 0.9704977571438851 0.9705569925903508 0.9704389027206157 0.9703626840668369 0.9701263088876155 0.9701174877824411 0.9707510641405624 0.9707767140198363 0.9688062363231442
0.9643138720338137 0.9682739015477636 0.9681408320778047 0.9675940940772668 0.9634842363041435 0.9602018891589263 0.9462840764440946 0.9630610894997719 0.9692323441998051 0.9693929740571412 0.969384585452901 0.9698989297500514 0.9708947008462144 0.9707515995969727 0.9713598042062589 0.9711060646459292 0.9709791536710197 0.9708523972172051 0.970345628790636 0.9699916166580019 0.9711483374510683 0.9718076977062898 0.9711736372188974 0.971148265319463 0.9707174065923643 0.9705908561373822 0.9701608004380509 0.9711483786709229 0.9712751660364891 0.9695454622277264 0.9708946493684768 0.9708185336701736 0.9713680177234175 0.9712834103775175 0.9701850087897902 0.9663997993760353 0.968446547004159 0.9706667658368522 0.9693344589479393 0.970084767129237 0.9696960575979339 0.9695266990320014 0.9683089836225212
0.9675430741039115 0.9685013427221469 0.9678285570556031 0.9661240515762771 0.9610159990039792 0.9551845608741478 0.9550984478269443 0.9644267007321492 0.9707262587598886 0.9712159615017741 0.9712582136530458 0.9716808382091183 0.9717992369704439 0.9710637610169197 0.9714694744094036 0.9714018503586977 0.9711145562935262 0.9701186510916562 0.9694932369235543 0.9705568896348747 0.9707090179881236 0.971579453654738 0.9702107412091522 0.9689952381244223 0.9697974936300523 0.9690886869908844 0.9709623455507881 0.9714187615222861 0.9717823361149589 0.9704561020215484 0.9712497220054489 0.9713342263079919 0.9710893903929246 0.9711481622761061 0.9690284631716862 0.9665065090761499 0.9688942754240139 0.969275707480146 0.9707767965599244 0.9711737917399919 0.9709708680222554 0.9698561936201078 0.9679583358623636
0.9665394695727153 0.9678182783586476 0.9681561199299294 0.9673928445994893 0.9647780644801156 0.9638583047497715 0.959252633300895 0.9650185642279421 0.9698745358148673 0.9700260361647124 0.969958741571584 0.9703129287912997 0.9706838211757711 0.9699911124145408 0.9703292326680698 0.9706415175467615 0.9706332628097485 0.9706250903618456 0.9704058011320963 0.9709118901402414 0.9708101450659333 0.9712416217895306 0.9704227535155394 0.9671041564302355 0.9699585461318327 0.9701017709904179 0.9708103510647663 0.9716723774732723 0.971562501271295 0.9715878422589782 0.9699578561543276 0.9709288940014225 0.9706929201101865 0.9697047340385038 0.9681608679101246 0.9654657181945183 0.968727756410127 0.9690401351780932 0.9707768892575169 0.9706083438266365 0.9701695077903718 0.9688531851771419 0.9653650089762741
0.9655748509161818 0.9643345057475067 0.9645060198257012 0.9668029897861365 0.9654869484790913 0.963215453454231 0.9566432346733171 0.9605297492670436 0.9642620541921829 0.9663539413573707 0.9672078309630069 0.968166389672888 0.9687538177350741 0.9676397711857313 0.9634453277540773 0.9686876644306888 0.971351209603186 0.9716132141584124 0.9718838237126961 0.9714864267928468 0.9713597012507831 0.9699936853359337 0.9707516409674265 0.9697224590899554 0.970135758146793 0.9708108042822864 0.9710134704355714 0.9708693289467805 0.9708692774690422 0.971410269874689 0.9716470158819416 0.9711314571992311 0.9713427591754438 0.9695870872286009 0.9672696060486883 0.9624486879042708 0.9671078536776072 0.9671761671538259 0.969503817664471 0.9684613114752748 0.9649890986994979 0.9620792136032026 0.9617866433136115
0.9624245406050801 0.9627485592113283 0.9629106320374816 0.9661453215458674 0.9664931272018631 0.9643254023653979 0.9578742756271615 0.9561766819066164 0.9624265578350703 0.9646719761333004 0.9672907312039947 0.9684354954141626 0.9664357597831015 0.9659452426136469 0.9530877234435072 0.9658983902998606 0.970548727595454 0.971241714336524 0.9708869711571292 0.9709202272667435 0.9702703985095897 0.9685710949796594 0.9705574355499874 0.9716554766177874 0.9716639373536333 0.9711230479913437 0.9699332462134052 0.9694257878093311 0.9686834879995496 0.9695282533713183 0.9705320224306984 0.9708529740440688 0.9711990503381862 0.9697051770983358 0.9667969276712522 0.9567095345637399 0.9646048673377287 0.969832417581043 0.9709290176609859 0.9705742334123356 0.969672168257629 0.9682513470925724 0.969099987328996
0.9612429287072155 0.9580793656807501 0.9574457839174919 0.9639027787145137 0.9654879256718605 0.9651849038030549 0.9638104331650418 0.964314141700102 0.9670681549705061 0.9687693609954302 0.9699999128658474 0.970202805521234 0.9696457667153874 0.9686428408125096 0.958495445619402 0.9666316144858044 0.9707347194957343 0.9713258377037517 0.9712919741567203 0.9711820979547429 0.9704896466700833 0.968217370683355 0.9698997018660678 0.9718669022410044 0.9716808485172217 0.9700259643343048 0.9691244024196368 0.9659878279163473 0.9658148121713821 0.9676235958265752 0.9682372237377692 0.9660197302026821 0.9690921725418421 0.9698990630652864 0.9668703709029399 0.9642175496332221 0.9672178020111902 0.9698993519052215 0.9711061265196513 0.9712245973247018 0.9707774657831829 0.9715203109560848 0.9707179422495935
