resources/Input/skyview.asc
NCOLS 299
NROWS 364
XLLCORNER 522069.7702084996
YLLCORNER 317861.99829540186
CELLSIZE 27.53369550341016
NODATA_VALUE -9999
[rows 38 to 56 of 364, columns 129 to 171 of 299]
0.9575361978587994 0.9617279981552507 0.9598564656719146 0.9581139233434998 0.9606703441286977 0.9630494994801799 0.9652270157354689 0.9665537359843195 0.9664525789471049 0.9671211290786508 0.9707851851641646 0.9704899244993241 0.9707684798488101 0.9710385951163182 0.9710386465940561 0.9713426458239833 0.9708272827943416 0.9700170400351744 0.9698986721855998 0.9716047225108154 0.9709369736513543 0.9692407123886574 0.9646299777996571 0.9666754340631097 0.9681377354140203 0.9692231625748866 0.9700244918323013 0.9699399875297582 0.9689359512002186 0.9696287319424555 0.9703963725895046 0.9713848979752548 0.9711060131681915 0.9702443676950006 0.9710722010988977 0.9703039120957747 0.9704055542146068 0.9680900581192625 0.9655536229307183 0.9706925497339519 0.9661325511410055 0.9689557944628461 0.9698563276379336
0.9629570871247606 0.9610782804321089 0.9608943283961076 0.9562770403251325 0.9480632375856706 0.9532056849207964 0.9605753409955371 0.9646407719119616 0.9685432334508145 0.9688552291405366 0.9688466882705179 0.969671045427955 0.9695520913468236 0.9708608372991832 0.971013068695789 0.9701857911636899 0.9711820258231372 0.9715708898755352 0.9715286068125125 0.9711989782065804 0.9706836460886898 0.9705232320866766 0.9697727187595525 0.9698993002768846 0.9697136687459329 0.9685009093185364 0.9678481506183797 0.9666112546696515 0.965696505743917 0.9665650224047222 0.9681641489169187 0.9703374976629664 0.9716470055738381 0.9706080969091472 0.9684153276571192 0.9668612714422951 0.9651626528313682 0.962729618146112 0.9541052299485853 0.9676970321181411 0.9701893780546809 0.9704306890528585 0.9700589112511304
0.9682852312558108 0.9656035546476275 0.9650674097314502 0.9645456904105715 0.9627591039604694 0.9627566415276617 0.9653520523914053 0.9647333415494886 0.9634068863025872 0.9648616267889097 0.9669990300138063 0.9695277996019896 0.9689982393460237 0.9704555049926137 0.9711312820242687 0.9699747878839026 0.9709622734191824 0.9708101450659333 0.9717062410203038 0.9713933896228519 0.9696207757512687 0.9706500606720969 0.9703715568003487 0.9694775406348 0.96730591835596 0.9679934953314365 0.9679573481920385 0.9678050243990379 0.9663056531833384 0.963714686610133 0.9670804206430951 0.9678954110964766 0.9678145957377238 0.9648550500658123 0.9648030286638117 0.9604143124047342 0.9611666754449819 0.9617077739687256 0.9520445669744173 0.9642779079070511 0.9702028569989717 0.9709117870968844 0.9696886354581584
0.9705322902655931 0.9694356694690637 0.9687279321368983 0.9696037926945548 0.9685101932844041 0.96966341923384 0.9701443423413836 0.9647449467668346 0.9561950699634204 0.9478668353811018 0.9637653863929391 0.9683230717572234 0.9710467777217255 0.9712665301256805 0.9709452901239883 0.9692318595187251 0.9687932407427822 0.968071797964774 0.970194921311054 0.9704312245092687 0.9709880058385445 0.9707008044709655 0.9690398564461763 0.9678469895917101 0.9635308677495255 0.9678581653925283 0.9672523455639431 0.9654565199247787 0.9632038847840728 0.9638160588454481 0.963747495960572 0.9665964694724967 0.9622491946724102 0.956508380577047 0.9623322884691948 0.9611953671004032 0.9642507975578438 0.9607489237681393 0.9470442278252893 0.9592535703296903 0.9683209228850903 0.9692079999868591 0.9690804733231267
0.9714696083770711 0.9712161057775454 0.9711315087271898 0.9709707341550285 0.9713426973519413 0.9713766433386821 0.9690159459498644 0.9604947832444206 0.9559398050918492 0.9562715630492363 0.9532203573931413 0.9674928952185357 0.9712327696220059 0.9709707650667798 0.9708776660732824 0.970236185001712 0.9691250801450955 0.9697143996420948 0.9713765815026203 0.9718077080143933 0.971571013535099 0.971334298439598 0.9701695906314743 0.9666837152205817 0.9664874701429667 0.9681962332656433 0.968659793045354 0.9668261240850283 0.9639919740814945 0.9617994457527874 0.9652570561844954 0.9694180270578956 0.9569858398529328 0.9631746403694349 0.9649101919563253 0.964504584827909 0.9638076510905786 0.9606797838030394 0.9432677741743599 0.9605703855482152 0.9654000537069166 0.9685947090485212 0.9706669718356851
0.9714697010746636 0.9713766845585368 0.9713089780681218 0.9708354551418655 0.971486406189199 0.9708531182696196 0.9676199717747211 0.9621543409092783 0.9618344543404765 0.9664943984850544 0.9617015592147351 0.9676770869149183 0.9684412743265367 0.9692833856914933 0.9697294575816809 0.9707935222906668 0.9702788901571868 0.9711652486146567 0.9713428003952983 0.969519916395415 0.970329675326509 0.9706585214079428 0.9706588508655203 0.9703208955415682 0.9700763476132458 0.9707090179881241 0.9709453931673455 0.9704895745384778 0.9692671643548111 0.96943501035309 0.9704386247407765 0.9700682163349773 0.9640806017501069 0.9662710411928312 0.9680840940869552 0.9670122693291251 0.9670470887817235 0.9634058842688712 0.9470357191318362 0.9610705416705209 0.9673103972748236 0.9701106949883501 0.9708192547100286
0.9709373547874885 0.9708526547439961 0.9707596175740013 0.9700421029803004 0.9704308435739533 0.9706923539428444 0.9690155961770944 0.9672483063715571 0.9662890799049116 0.9671173969607039 0.9673686157170684 0.9659634862970572 0.9673942441903974 0.9678318867577733 0.9679679163304082 0.9690040796449843 0.9710130686957889 0.9710554238904174 0.9688984197397112 0.9698068895052098 0.9683575924140571 0.9696624515274733 0.9704558036263211 0.9704979323188481 0.9710807134003631 0.9707013808460323 0.9714187615222863 0.9714779660570009 0.9715539787119468 0.9714441334217206 0.9713003936727119 0.9703796983365005 0.9643715007669876 0.9661896716795688 0.9690372737177795 0.9696609482015996 0.9694585395248855 0.9672927887577717 0.9568256501648439 0.9641146583537766 0.962778035289665 0.9600973730417511 0.9578349355265536
0.9701852560084777 0.9687503712976039 0.9687770188541078 0.970422475435321 0.9704233807161566 0.9704730237944382 0.9691407375091727 0.9682309308645809 0.9647931309050976 0.9652364939620754 0.9668683167931359 0.9678984005820862 0.9682946550095018 0.9690310859657331 0.9695869327075062 0.9709876453186166 0.9716047534225666 0.9701685814542751 0.9683051424129526 0.9672062020876357 0.9693700686254897 0.9694196526759953 0.9694536904074321 0.9701614177319581 0.9689879613516589 0.9706586347091831 0.9709031410160739 0.9710467777217257 0.9712327387102548 0.9715455179761009 0.9711989060749747 0.9709538848149426 0.9685010150697387 0.9672761976574294 0.9691986034091108 0.9708017048960745 0.9708945463251197 0.9696021762305373 0.9678060946092673 0.9571791142509579 0.9616941221082891 0.9510593320661125 0.9357106242013491
0.9712582856967708 0.9714018297550501 0.971021560393606 0.971621664598714 0.970566431491266 0.9708445648361812 0.970414303087797 0.9701270914121144 0.9690233057015861 0.9693424158415339 0.9694598262928451 0.9688430787088229 0.9698557407037857 0.968500488367057 0.9699750658637423 0.9715201460766665 0.9715117574724264 0.9703961665906721 0.971241261269603 0.9699834340525947 0.971199081249937 0.9710892462678147 0.9705658550659791 0.9688906891479497 0.9696802164941595 0.9707260527610563 0.9708102995870288 0.9707849791653322 0.970987645318617 0.9710298974698884 0.9712072946792146 0.9716216336744038 0.9710722526645171 0.9703631475422407 0.9700335393516962 0.9682623449487806 0.9700917038853415 0.9707339778020116 0.9677326214181747 0.9546312249454678 0.9576116845996993 0.9494580490077793 0.9418648517034351
0.9711228934200287 0.9711651455713002 0.9710214058222912 0.9716639579698403 0.9699250636205569 0.9704818655158195 0.9701271841097069 0.9709710946749562 0.969511208591481 0.9679637615327117 0.9678141984455204 0.9684061042106843 0.9697375788530439 0.9687789922388054 0.9700511815620451 0.9712750217732773 0.9710220957997964 0.9683248390934187 0.9695709157645723 0.9674401068060403 0.9713933896228519 0.9701779279085757 0.9695887226535208 0.9684273045049906 0.9691999205370131 0.9706079628913212 0.9706584287103504 0.9704896465194847 0.9705316206909166 0.9694590439189457 0.9708442865049234 0.9704055746299947 0.9712074492003095 0.9709373854984207 0.9709031924938119 0.9708439055696083 0.9709536787282286 0.9708015503749795 0.9686770845922652 0.957037036299316 0.9539534811781585 0.9469156981853197 0.9377541954013945
0.971511798692281 0.9713511889995383 0.9713426561320867 0.9709205363717129 0.9665973085341214 0.9653933394380042 0.9682573789206644 0.9690038221684139 0.9713934617544578 0.9692597634208956 0.9669472851544993 0.965773625170646 0.9676117246638285 0.968516443975763 0.9697552414787806 0.9707262276975386 0.9680207901536315 0.9700684119253279 0.9697979673508412 0.9712497941370546 0.9719261067757189 0.9712414364571251 0.9688227477531226 0.9687453054718206 0.9695701759145972 0.9710385436385806 0.9712160438912637 0.9706332628097488 0.9700256347261283 0.970142653683043 0.9702021980838171 0.9704724882878077 0.9710975215205943 0.9712750217732776 0.9711989060749746 0.9710467777217258 0.9709536787282287 0.9708184306268167 0.9678033504362468 0.9549246615602424 0.9552339086263084 0.953389241608588 0.9464525852200236
0.970802013938264 0.9715118193084877 0.9718077286306 0.9699677687383705 0.9643621214056333 0.9683006392455296 0.9661155190473147 0.9690792069705549 0.9711229655516345 0.9683322223199754 0.9613570624741894 0.953034253808049 0.9620059549968437 0.967952723782976 0.96959500241325 0.9690666041493811 0.9699923786165139 0.9711737093505026 0.9716808588253252 0.971579474270945 0.9709961884941721 0.9700762035508533 0.9676399675394382 0.9675872124402115 0.968979520479392 0.9706670952944301 0.9704980147083372 0.969132903923724 0.9668375733301069 0.9644750571384515 0.9647313849111646 0.9672808324875026 0.9676664575547084 0.9695698570159172 0.9708355169653681 0.9709706620234229 0.9706241531656534 0.9698137149667346 0.9652729166671584 0.9433797163531891 0.9498912122228913 0.9506194526291042 0.943872306820413
0.9712666434771405 0.9720191851781275 0.9710812490701514 0.9682929522920969 0.9657609400290569 0.9690495892296694 0.9677080940171567 0.9694841378385404 0.9712497529172003 0.9698238229277498 0.9623698479510249 0.9565239188991569 0.9613778021933301 0.965722992389824 0.9696459416518701 0.9702283523571508 0.9683597319320224 0.9707010104697977 0.9717992575866508 0.97138505254657 0.9694936592293232 0.9695527710664456 0.9677675345597789 0.9688116747821276 0.9694688740507205 0.9702200561494891 0.9689881567914104 0.9679991422439246 0.9681306223162507 0.9672926145236967 0.9667463694556448 0.9652384166997754 0.9666904612806712 0.9679603912351571 0.9684159424432662 0.970404761193745 0.9696200857737636 0.9681096924006104 0.9654130490045532 0.9521542705383621 0.9537396469200644 0.9423482915637036 0.9469214239544889
0.9708700294332077 0.970034692654067 0.969884004887465 0.9685706926398654 0.9677838887120628 0.9688183145480038 0.9683506951221242 0.9668083374608581 0.9709203817878388 0.9698154858012475 0.9594520745046141 0.9443395392436364 0.9519677607822138 0.9583333669200073 0.9669758988703414 0.9703119402679683 0.9692953397807789 0.9682062569937888 0.9715117574724262 0.9717654249513705 0.9699411407316889 0.9686212834705479 0.9682627406028229 0.9679743913942048 0.9692344842190538 0.9639852387898515 0.9689631651248838 0.9686095323224809 0.9691641952517703 0.9690202085852722 0.9673516333245509 0.9677641507098967 0.9664065022814919 0.9677796934184442 0.9694251288941764 0.9697713287976374 0.9686158533897624 0.9670489267462857 0.9659231987645599 0.9566051763033796 0.9479293409643608 0.940822577472092 0.9495243771675281
0.9691177611998261 0.9675371286583432 0.9694955418721964 0.9707683461321822 0.9701944270744985 0.9701181571562986 0.9698407753237518 0.9673591990507097 0.9667482154963603 0.9663841714964531 0.9582368870447531 0.9296247339193355 0.9389013467273292 0.9533065454921498 0.9659391319881958 0.9706665083602813 0.9700416295607088 0.9697891050258118 0.9716047225108153 0.9715540817553036 0.9717907865427015 0.9712583064008589 0.9698999592422596 0.9697817046939254 0.9659381730424001 0.9619199089014594 0.9666819521754101 0.9689787797267405 0.9696283100884837 0.9682140168425482 0.9674495102823714 0.9679295593218452 0.9657882714635289 0.9685560317117399 0.9704804134166447 0.9696190564823747 0.9658861540102034 0.9659441339154392 0.9624303359853607 0.9630628568456427 0.9603621468977984 0.9594883753561296 0.9595547346593478
0.9687281354398943 0.9667585706626892 0.9677338859653938 0.9704049878464454 0.9717654249513705 0.9715033688807455 0.9710557844731247 0.9671538545049296 0.9613072506815511 0.9627641723222026 0.9577915809721208 0.9503564685153163 0.9551176101039999 0.9585662501307455 0.9676450235717846 0.9714947741772322 0.9713426458239832 0.9715962617749694 0.9698818949771194 0.9700680515559991 0.9699841237791218 0.9713766330305785 0.969664489193275 0.963635609388601 0.9632248805374215 0.9525802639190691 0.9662689702118993 0.9689951661434155 0.9689207469909437 0.9694517156684448 0.9687039272380202 0.9674546341026995 0.96678049979594 0.9703203803499468 0.9707172005935317 0.9691639581905873 0.9657434942155265 0.9639654707191284 0.9578298935178216 0.964560516348852 0.9678963978641248 0.9704643571601383 0.9695364259698205
0.9698557612070546 0.9669205488856393 0.9677550669450881 0.967762456632732 0.9701110965900928 0.96926054555656 0.9677060047504922 0.9649946657252944 0.9596144788115134 0.9558497682351922 0.9543930592783544 0.9564797034986455 0.9560353654284242 0.9586297318217555 0.9654831179081765 0.9698645307466097 0.9703542438969778 0.9713848979752547 0.9709116532296574 0.9600490473017053 0.9674271240381227 0.9694614197955027 0.9705493145798227 0.9658366326142852 0.9644722507700658 0.9578252576618492 0.9650878156677536 0.96944239016921 0.9700751841534319 0.9708863122419745 0.9702871863650325 0.9686611412354225 0.96856395671739 0.9684657100333841 0.9697461423937667 0.968758553903011 0.9662912499581815 0.9651849724885785 0.963541261978205 0.9678118935615817 0.970953884814942 0.9716808691208694 0.9710901212890863
0.9708778206445978 0.9707678723110145 0.9703626840668373 0.9694137965721387 0.9666269770864846 0.9626588813935154 0.9667177709282598 0.9665017273227923 0.9611473755961452 0.9492417234987071 0.9560471317573455 0.9592849402606786 0.9576430113631808 0.9608780303620378 0.9675345300759002 0.9707427270140603 0.9682981606251634 0.9695297103625373 0.96840587396604 0.962417307285674 0.960383412732527 0.9707519389110405 0.9698059337999115 0.9694607938487965 0.9668878143399995 0.9655199086929313 0.9675483985470549 0.9699661212998233 0.9701430346183583 0.9709881292972893 0.9712498043949381 0.9704052247570296 0.9687976212168028 0.9700168650986917 0.9691558785406559 0.9669097243600959 0.9674308737032002 0.9670175435841959 0.968228111727923 0.9699663992796623 0.9707345958863907 0.9711736886966349 0.9702116054205484
0.9710806103570059 0.9704555256464815 0.9701091918757937 0.9707598132647305 0.9707346885839835 0.9702876802001948 0.9703047869541337 0.9692677717922279 0.963320433813843 0.952264374345145 0.9561651214285012 0.9575732004504298 0.9538422424819444 0.9558196218332314 0.965889652936815 0.9696461476507029 0.9711567569670598 0.9688477993995873 0.9701274208696918 0.9699842576965689 0.9699250943817089 0.9704313481688324 0.9711484816263992 0.9711652589227607 0.9697139570338759 0.968089390250294 0.9689805801307237 0.9694348558321788 0.9700173074561163 0.9699493228854826 0.9702534766365049 0.9706501326531037 0.9695444441978265 0.9700935466131638 0.9707090179881241 0.9706243591644861 0.9704554535148757 0.9708185336701737 0.9712749187299206 0.9669910180841269 0.9691139869093118 0.9710301034687209 0.9713767153698474
